latitude=18.528671647936395
longitude=73.94232499125178
